1011.txt;977.0;997;1954.0
1012.txt;905.0;919;1810.0
1013.txt;978.0;995;1956.0
1014.txt;960.0;985;1920.0
1015.txt;964.0;1009;1928.0
1016.txt;0;999;0
1017.txt;942.0;971;1884.0
1018.txt;990.0;1011;1980.0
1019.txt;937.0;946;1874.0
1020.txt;0;1011;0
1021.txt;258.0;267;516.0
1022.txt;0;278;0
1023.txt;0;263;0
1024.txt;266.0;288;532.0
1025.txt;0;288;0
1026.txt;267.0;279;534.0
1027.txt;0;301;0
1028.txt;272.0;296;544.0
1029.txt;0;279;0
1030.txt;260.0;275;520.0
1031.txt;0;146;0
1032.txt;0;154;0
1033.txt;123.0;136;246.0
1034.txt;126.0;138;252.0
1035.txt;0;145;0
1036.txt;125.0;135;250.0
1037.txt;128.0;145;256.0
1038.txt;126.0;136;252.0
1039.txt;128.0;151;256.0
1040.txt;127.0;138;254.0
1041.txt;74.0;89;148.0
1042.txt;0;85;0
1043.txt;77.0;85;154.0
1044.txt;75.0;89;150.0
1045.txt;77.0;88;154.0
1046.txt;75.0;84;150.0
1047.txt;0;84;0
1048.txt;75.0;85;150.0
1049.txt;76.0;92;152.0
1050.txt;74.0;83;148.0
1051.txt;51.0;56;102.0
1052.txt;49.0;60;98.0
1053.txt;51.0;61;102.0
1054.txt;51.0;58;102.0
1055.txt;51.0;60;102.0
1056.txt;0;60;0
1057.txt;50.0;64;100.0
1058.txt;0;59;0
1059.txt;54.0;65;108.0
1060.txt;52.0;61;104.0
111.txt;117.0;152;234.0
112.txt;87.0;111;174.0
113.txt;98.0;136;196.0
114.txt;115.0;131;230.0
115.txt;104.0;136;208.0
116.txt;101.0;125;202.0
117.txt;114.0;147;228.0
118.txt;103.0;122;206.0
119.txt;114.0;139;228.0
120.txt;98.0;131;196.0
121.txt;30.0;42;60.0
122.txt;36.0;46;72.0
123.txt;32.0;52;64.0
124.txt;33.0;48;66.0
125.txt;31.0;49;62.0
126.txt;29.0;45;58.0
127.txt;35.0;51;70.0
128.txt;30.0;46;60.0
129.txt;30.0;37;60.0
130.txt;29.0;45;58.0
131.txt;19.0;35;38.0
132.txt;23.0;40;46.0
133.txt;16.0;26;32.0
134.txt;18.0;34;36.0
135.txt;16.0;27;32.0
136.txt;24.0;44;48.0
137.txt;17.0;25;34.0
138.txt;19.0;34;38.0
139.txt;16.0;29;32.0
140.txt;17.0;30;34.0
141.txt;10.0;19;20.0
142.txt;12.0;21;24.0
143.txt;12.0;23;24.0
144.txt;10.0;18;20.0
145.txt;11.0;19;22.0
146.txt;12.0;20;24.0
147.txt;14.0;26;28.0
148.txt;13.0;22;26.0
149.txt;23.0;42;46.0
150.txt;14.0;24;28.0
151.txt;8.0;15;16.0
152.txt;13.0;25;26.0
153.txt;10.0;15;20.0
154.txt;11.0;20;22.0
155.txt;9.0;16;18.0
156.txt;10.0;18;20.0
157.txt;8.0;14;16.0
158.txt;11.0;20;22.0
159.txt;9.0;14;18.0
160.txt;9.0;17;18.0
211.txt;204.0;213;408.0
212.txt;204.0;230;408.0
213.txt;197.0;216;394.0
214.txt;195.0;211;390.0
215.txt;218.0;236;436.0
216.txt;183.0;212;366.0
217.txt;189.0;217;378.0
218.txt;198.0;214;396.0
219.txt;197.0;211;394.0
220.txt;206.0;232;412.0
221.txt;55.0;76;110.0
222.txt;58.0;68;116.0
223.txt;53.0;85;106.0
224.txt;60.0;76;120.0
225.txt;55.0;69;110.0
226.txt;59.0;82;118.0
227.txt;58.0;79;116.0
228.txt;56.0;79;112.0
229.txt;58.0;89;116.0
230.txt;54.0;69;108.0
231.txt;27.0;45;54.0
232.txt;27.0;40;54.0
233.txt;28.0;42;56.0
234.txt;27.0;48;54.0
235.txt;24.0;36;48.0
236.txt;31.0;57;62.0
237.txt;27.0;43;54.0
238.txt;28.0;44;56.0
239.txt;29.0;45;58.0
240.txt;30.0;46;60.0
241.txt;17.0;26;34.0
242.txt;17.0;31;34.0
243.txt;16.0;25;32.0
244.txt;17.0;25;34.0
245.txt;19.0;34;38.0
246.txt;18.0;33;36.0
247.txt;18.0;28;36.0
248.txt;17.0;27;34.0
249.txt;14.0;21;28.0
250.txt;18.0;28;36.0
251.txt;13.0;21;26.0
252.txt;16.0;27;32.0
253.txt;12.0;23;24.0
254.txt;12.0;22;24.0
255.txt;13.0;21;26.0
256.txt;12.0;20;24.0
257.txt;13.0;22;26.0
258.txt;12.0;21;24.0
259.txt;13.0;25;26.0
260.txt;12.0;23;24.0
511.txt;501.0;524;1002.0
512.txt;484.0;501;968.0
513.txt;500.0;525;1000.0
514.txt;469.0;488;938.0
515.txt;503.0;528;1006.0
516.txt;497.0;529;994.0
517.txt;455.0;484;910.0
518.txt;467.0;481;934.0
519.txt;0;511;0
520.txt;483.0;514;966.0
521.txt;135.0;163;270.0
522.txt;130.0;161;260.0
523.txt;137.0;152;274.0
524.txt;138.0;154;276.0
525.txt;0;161;0
526.txt;134.0;146;268.0
527.txt;132.0;159;264.0
528.txt;0;159;0
529.txt;137.0;160;274.0
530.txt;0;136;0
531.txt;62.0;69;124.0
532.txt;68.0;84;136.0
533.txt;67.0;76;134.0
534.txt;66.0;83;132.0
535.txt;0;116;0
536.txt;0;79;0
537.txt;61.0;72;122.0
538.txt;66.0;83;132.0
539.txt;63.0;75;126.0
540.txt;68.0;80;136.0
541.txt;39.0;50;78.0
542.txt;39.0;48;78.0
543.txt;39.0;49;78.0
544.txt;39.0;51;78.0
545.txt;39.0;54;78.0
546.txt;38.0;47;76.0
547.txt;0;56;0
548.txt;0;57;0
549.txt;0;52;0
550.txt;37.0;51;74.0
551.txt;26.0;39;52.0
552.txt;27.0;41;54.0
553.txt;26.0;34;52.0
554.txt;27.0;36;54.0
555.txt;26.0;40;52.0
556.txt;27.0;35;54.0
557.txt;0;38;0
558.txt;26.0;36;52.0
559.txt;0;33;0
560.txt;27.0;42;54.0
